1 0.2609375 0.2560217265625 0.2530381953125 0.24546874999999999 0.23970486093750001 0.23546874999999998 0.22081597187500002 0.23171875000000003 0.20748263906250003 0.22734375 0.1897048609375 0.23671875 0.176371528125 0.25484375 0.186371528125 0.26921875 0.205371528125 0.278125 0.23484375000000002 0.278125 0.2474826390625 0.27046875 0.2609375 0.2582429390625 0.2609375 0.2560217265625
1 0.4296875 0.2313972359375 0.4276388890625 0.23015625 0.392083334375 0.23015625 0.37430555625 0.24328124999999998 0.3654166671875 0.25578124999999996 0.380972221875 0.26640625 0.4031944453125 0.27765625 0.42023148125 0.28125 0.42130050468749997 0.28125 0.4296875 0.2772581125 0.4296875 0.2313972359375
1 0.4296875 0.3414041390625 0.4040625015625 0.340625 0.3651736125 0.340625 0.3618402796875 0.354375 0.3673958328125 0.38687499999999997 0.3740625015625 0.390625 0.42739583437500006 0.396875 0.4296875 0.3962683828125 0.4296875 0.3414041390625
1 0.81875 0.24658231874999997 0.81875 0.19492289375 0.8178883171875 0.1658552328125 0.7981132578125 0.147788384375 0.7449677875 0.142924234375 0.67575508125 0.148483265625 0.6287893171875 0.1651603546875 0.5991267296875 0.17558353437500002 0.5978907875 0.20546332031249998 0.6065423765625 0.24229189375 0.628568425 0.271875 0.6323365484375 0.271875 0.7783381984375 0.2596638640625 0.81875 0.24658231874999997
1 0 0.75788690625 0.00498046875 0.7559895843750001 0.01865234375 0.7416666671875 0.0234375 0.6957291671875 0.0234375 0.6945430874999999 0.01279296875 0.6674479171875 0 0.66318359375 0 0.75788690625
1 0.1640625 0.4497395828125 0.1259765625 0.44713541718750005 0.1044921875 0.4640625 0.1025390625 0.4809895828125 0.1015625 0.5330729171875 0.1220703125 0.5578125 0.14453125 0.5591145828124999 0.1650390625 0.5591145828124999 0.1806640625 0.5434895828124999 0.1828125 0.4986111109375 0.1828125 0.48098958437499995 0.1640625 0.4497395828125
1 0.23239843750000003 0.409375 0.232421875 0.4095052078125 0.2333984375 0.4290364578125 0.240234375 0.443359375 0.260375978125 0.453125 0.26708983750000004 0.453125 0.283203125 0.451171875 0.306640625 0.439453125 0.3125 0.42643229062500004 0.31384662812499997 0.409375 0.23239843750000003 0.409375
1 0.4296875 0.4514914765625 0.41240234375 0.4640625 0.40068359375 0.4927083328125 0.40458984375 0.5486979171875 0.41240234375 0.5604166671875 0.42119140625 0.5734375 0.4296875 0.5734375 0.4296875 0.4514914765625
1 0.647095875 0.54990478125 0.624618353125 0.5948598281249999 0.6371058625 0.6747799078125001 0.6821598328125 0.69375 0.7037470406249999 0.69375 0.7320109578125 0.692262425 0.751990978125 0.6747799078125001 0.765625 0.6293331765625 0.765625 0.542142078125 0.7170259437500001 0.532422265625 0.647095875 0.54990478125
1 0.8451216078125 0.528125 0.8426733359374999 0.528125 0.79616243125 0.5477085390624999 0.7836749187500001 0.5876685796875 0.8011574343750001 0.6700861625 0.8236349593749999 0.7175387093750001 0.8561571390625 0.721875 0.8637323515625 0.721875 0.9010575375000001 0.7125437031249999 0.921875 0.682474034375 0.921875 0.655728659375 0.9160425499999999 0.5701860640625 0.8910675250000001 0.5402160328125 0.8451216078125 0.528125
1 1 0.5588346546875 0.9611614953124998 0.562533559375 0.9411814734374999 0.592503590625 0.9661564984375002 0.65993615625 0.9805945031250001 0.6984375 0.9971871812499999 0.6984375 1 0.6981817890625 1 0.5588346546875
1 0.4710080546875 0.409375 0.47412431250000003 0.4327469421875 0.522479365625 0.4859375 0.5424965765625 0.4859375 0.5765219171875 0.48269699062499993 0.62896946875 0.46021946874999997 0.65 0.4298420328125 0.65 0.41935939062500005 0.648278553125 0.409375 0.4710080546875 0.409375
0 0.4822880234375 0.69958869375 0.542228084375 0.6945936890625 0.5796906203125001 0.65463365 0.5859375 0.5734242171874999 0.5859375 0.5566082375 0.5572130984375 0.5422460375 0.524745565625 0.5522360453124999 0.4872830296875 0.539748534375 0.4623080046875 0.547241040625 0.43733297968749996 0.5797085734375 0.44232798281249996 0.6246636203125 0.4448254859375 0.659628653125 0.4623080046875 0.6895986828125 0.4822880234375 0.702086196875 0.496861334375 0.70625 0.49783107031250007 0.70625 0.4822880234375 0.69958869375