0 0.1296875 0 0.1296875 0.0209635421875 0.13229166718750002 0.053515626562499995 0.133159721875 0.09127604218749999 0.1357638890625 0.10950520781249999 0.1366319453125 0.1029947921875 0.15945215937499999 0.125 0.16579861406250002 0.125 0.20954861249999998 0.1121093765625 0.226041665625 0.1029947921875 0.23125 0.0896019359375 0.23125 0.08175455468750001 0.2186116125 0 0.1296875 0
0 0.04609375 0.050651040625 0.026996528125000002 0.064973959375 0.0217881953125 0.081901040625 0.0193497484375 0.0953125 0.038628478125 0.0953125 0.0469618046875 0.094921875 0.0712673609375 0.092317709375 0.078125 0.0854600703125 0.078125 0.08049479375 0.07473958281250001 0.066276040625 0.06171875 0.051953125 0.04609375 0.050651040625
0 0.4390625 0.2664788703125 0.4585126828125 0.28125 0.49271545000000005 0.28125 0.5049241296875 0.2547594703125 0.5234375 0.20387680625 0.5234375 0.201290103125 0.5030973125 0.1784553640625 0.47752186406249997 0.13683494062499998 0.46290732187500006 0.1382222890625 0.4390625 0.15195982187499998 0.4390625 0.2664788703125
0 0.592895678125 0.41664296562500003 0.6015625 0.3679370484375 0.6015625 0.361230265625 0.5983761296875001 0.33340212343750003 0.5819347703125001 0.305655175 0.5654934109375 0.290394353125 0.5453984171874999 0.28484496406250004 0.5161693328125 0.30149313125 0.49516093281250007 0.33201477343749997 0.49375 0.3523734578125 0.49375 0.3601430671875 0.5024682015625 0.3972201015625 0.5070352437500001 0.4110935765625 0.530783875 0.4402278703125 0.5581861406249999 0.449939303125 0.58558840625 0.438840525 0.592895678125 0.41664296562500003
0 0.652724015625 0.5390625 0.6520714390625 0.520230125 0.6365434890625 0.4910958296875 0.6182753125 0.475835009375 0.5890462296875001 0.47999705156249994 0.5744316875 0.507744 0.5641218703125 0.5390625 0.652724015625 0.5390625
0 0.10877186406249999 0.544647440625 0.094157321875 0.5460347890625 0.067668465625 0.561295609375 0.05762096875 0.5862678640625 0.06036119375 0.6389870625 0.067668465625 0.6722834015625 0.08976268281250001 0.6890625 0.12396545 0.6890625 0.1361741296875 0.6625719703125 0.1546875 0.61168930625 0.1546875 0.609102603125 0.1343473125 0.5862678640625 0.10877186406249999 0.544647440625
0 0.22414567812500003 0.8244554656249999 0.2328125 0.7757495484375 0.2328125 0.769042765625 0.2296261296875 0.7412146234375 0.2131847703125 0.713467675 0.1967434109375 0.6982068531250001 0.1766484171875 0.6926574640625 0.1474193328125 0.70930563125 0.1264109328125 0.7398272734375 0.125 0.7601859578125 0.125 0.7679555671875 0.1337182015625 0.8050326015625 0.13828524375 0.8189060765624999 0.162033875 0.8480403703124999 0.189436140625 0.857751803125 0.21683840625 0.846653025 0.22414567812500003 0.8244554656249999
0 0.27932868593750004 1 0.284375 0.9833180421875 0.284375 0.9584467875 0.28332143906249996 0.928042625 0.2677934890625 0.8989083296875 0.2495253125 0.883647509375 0.2202962296875 0.8878095515625001 0.2056816875 0.9155564999999999 0.1938073734375 0.9516275296875001 0.197461009375 0.9904732593750001 0.20569335625 1 0.27932868593750004 1
1 0.5662140625000001 0.5390625 0.559375 0.5761305890624999 0.5703125 0.626943596875 0.6020730703125 0.66875 0.604518465625 0.66875 0.63125 0.6421875 0.6453125 0.6116996953125 0.640625 0.5862931921875 0.6328125 0.545642784375 0.626453125 0.5390625 0.5662140625000001 0.5390625
0 0.7484375 0.7358739828124999 0.746875 0.705386178125 0.7390625 0.6698170734375 0.7296875 0.629166665625 0.709375 0.6317073171875001 0.6875 0.6342479671875 0.6734375 0.6596544718749999 0.6640625 0.7104674796875 0.68125 0.746036584375 0.718375 0.78125 0.719151040625 0.78125 0.7359375 0.7663617875 0.7484375 0.7358739828124999
0 0.9359375 0.7867695625 0.9171875 0.774066309375 0.8859375 0.7918508624999999 0.88125 0.8350419203125 0.8953125 0.8960175296875 0.9051093781249999 0.9 0.9097046843750001 0.9 0.9296875 0.888395578125 0.946875 0.852826471875 0.9484375 0.8197980171874999 0.9359375 0.7867695625