1 0.30625 0.38337148125 0.30625 0.3811901453125 0.29803559062499996 0.3243656359375 0.2727351484375 0.2766329390625 0.22002589218750002 0.281936571875 0.1377994546875 0.297847471875 0.1061739 0.3137583703125 0.093523678125 0.41983102812500006 0.0787650859375 0.4224828453125 0.1040655296875 0.4675637265625 0.137748184375 0.4875 0.14702193125000002 0.4875 0.1841835984375 0.48082280937500005 0.249543075 0.475519178125 0.281168628125 0.4596082765625 0.30625 0.38337148125
1 0 0.2198836015625 0.0203313296875 0.2390625 0.061023303125 0.2390625 0.1109375 0.2089281421875 0.1109375 0.10220462500000001 0.0973024390625 0.0703553859375 0.0656768859375 0.0385335875 0.002425778125 0.0464890390625 0 0.054625140625 0 0.2198836015625
1 0.32322073125 0.0383191625 0.2620779953125 0.0303637140625 0.21358548125 0.0383191625 0.211477109375 0.10991820781249999 0.203125 0.15456412656250001 0.203125 0.15554492343749998 0.2093687390625 0.197428153125 0.24452331093750002 0.2234375 0.249526165625 0.2234375 0.3126788828125 0.21599086875 0.33587095312500004 0.1921245203125 0.3375 0.1060688578125 0.3375 0.0793702328125 0.32322073125 0.0383191625
1 0.4030981515625 0.0931152234375 0.3820144453125 0.19918788125 0.3877194484375 0.26376741406250004 0.41153163125000003 0.278742375 0.45890059218749996 0.296875 0.4604572875 0.296875 0.5000831796874999 0.25752784218749997 0.5109375 0.17333993125 0.5109375 0.1545703359375 0.49797481093749996 0.11963338750000001 0.44948229375000004 0.0878115859375 0.4030981515625 0.0931152234375
1 0.65 0.21501617187500002 0.613506746875 0.21018463125000003 0.5818811921875 0.199577365625 0.5502556375000001 0.29239094374999997 0.560797490625 0.35338272187499997 0.5946803625 0.3734375 0.6351898015625 0.3734375 0.65 0.344779615625 0.65 0.21501617187500002
0 0.819866071875 0.31514136718749997 0.8142857140625 0.2898437484375 0.788616071875 0.2600818453125 0.762946428125 0.230319940625 0.7194196421875 0.2392485109375 0.684821428125 0.274962796875 0.677008928125 0.3210937484375 0.692633928125 0.3657366078125 0.7205357140624999 0.368712796875 0.75731585 0.375 0.7674141999999999 0.375 0.7986607140624999 0.3642485109375 0.819866071875 0.31514136718749997
0 1 0.2393452390625 0.9873883937500001 0.23009672656250002 0.9505580359374999 0.2420014875 0.9484375 0.27168899999999996 0.9484375 0.273295578125 0.978459821875 0.28515625 1 0.289259140625 1 0.2393452390625
0 0.1353515625 0.6448495375000001 0.12102864375 0.6101273140625 0.10345051875 0.6112847218749999 0.0735026015625 0.6309606484375 0.052669271875 0.686516203125 0.0442057265625 0.7652199078125 0.050716146875 0.7779513875 0.0852213515625 0.77679398125 0.1165527359375 0.78125 0.1179622390625 0.78125 0.13665364375 0.7640625 0.1421875 0.6995691625 0.1421875 0.6934606624999999 0.1353515625 0.6448495375000001
0 0.2774368859375 0.5890625 0.267317709375 0.6061053249999999 0.2549479171875 0.6269386578125 0.261458334375 0.6605034734374999 0.285546875 0.6686053249999999 0.309466140625 0.6734375 0.31558919531249996 0.6734375 0.321875 0.6691395124999999 0.321875 0.6524942109375 0.3194010421875 0.6014756953125 0.2979550296875 0.5890625 0.2774368859375 0.5890625
0 0.3440427078125 0.7753016203125 0.35239244687500004 0.8074280093749999 0.37566012187500003 0.8171875 0.3779688375 0.8171875 0.3798499984375 0.7926627296875 0.3828125 0.7737027281250001 0.3828125 0.7620807875 0.3681312484375 0.7544682859374999 0.3577145828125 0.7475238421875 0.3453447921875 0.757940509375 0.3440427078125 0.7753016203125
1 0.8917708703125001 0.5890625 0.890625 0.59632710625 0.890625 0.6001182125 0.9159327656249999 0.652971184375 0.940696259375 0.7046875 0.9444679203125 0.7046875 0.9704782203125 0.6852466015625 0.9901751890625 0.6664192765625 1 0.647525409375 1 0.6073474890625 0.9936612031250001 0.5890625 0.8917708703125001 0.5890625